200
-1 0.0544021 0 1 0 0
-0.99 0.0457536 0 1 0 0
-0.98 0.0366478 0 1 0 0
-0.97 0.027176 0 1 0 0
-0.96 0.0174325 0 1 0 0
-0.95 0.00751492 0 1 0 0
-0.94 -0.00247777 0 1 0 0
-0.93 -0.0124457 0 1 0 0
-0.92 -0.0222893 0 1 0 0
-0.91 -0.0319102 0 1 0 0
-0.9 -0.0412122 0 1 0 0
-0.89 -0.0501024 0 1 0 0
-0.88 -0.0584921 0 1 0 0
-0.87 -0.0662973 0 1 0 0
-0.859999 -0.0734401 0 1 0 0
-0.849999 -0.0798491 0 1 0 0
-0.839999 -0.0854602 0 1 0 0
-0.829999 -0.0902175 0 1 0 0
-0.819999 -0.0940733 0 1 0 0
-0.809999 -0.0969892 0 1 0 0
-0.799999 -0.0989359 0 1 0 0
-0.789999 -0.0998942 0 1 0 0
-0.779999 -0.0998543 0 0 1 0
-0.769999 -0.0988167 0 0 1 0
-0.759999 -0.0967918 0 0 1 0
-0.749999 -0.0937998 0 0 1 0
-0.739999 -0.0898705 0 0 1 0
-0.729999 -0.0850433 0 0 1 0
-0.719999 -0.0793664 0 0 1 0
-0.709999 -0.0728965 0 0 1 0
-0.699999 -0.0656982 0 0 1 0
-0.689999 -0.0578435 0 0 1 0
-0.679999 -0.0494108 0 0 1 0
-0.669999 -0.0404845 0 0 1 0
-0.659999 -0.0311536 0 0 1 0
-0.649999 -0.0215114 0 0 1 0
-0.639999 -0.0116544 0 0 1 0
-0.629999 -0.00168084 0 0 1 0
-0.619999 0.00830948 0 0 1 0
-0.609999 0.0182168 0 0 1 0
-0.599999 0.0279421 0 0 1 0
-0.589999 0.0373881 0 0 1 0
-0.58 0.0464607 0 0 1 0
-0.57 0.055069 0 0 1 0
-0.56 0.063127 0 0 1 0
-0.55 0.0705544 0 0 1 0
-0.54 0.0772767 0 0 1 0
-0.53 0.083227 0 0 1 0
-0.52 0.0883457 0 0 1 0
-0.51 0.0925816 0 0 1 0
-0.5 0.0958925 0 0 1 0
-0.49 0.0982453 0 0 1 0
-0.48 0.0996165 0 0 1 0
-0.47 0.0999923 0 1 0 0
-0.46 0.0993691 0 1 0 0
-0.45 0.0977529 0 1 0 0
-0.44 0.0951601 0 1 0 0
-0.43 0.0916164 0 1 0 0
-0.42 0.0871574 0 1 0 0
-0.41 0.0818275 0 1 0 0
-0.4 0.07568 0 1 0 0
-0.39 0.0687764 0 1 0 0
-0.38 0.0611855 0 1 0 0
-0.37 0.0529834 0 1 0 0
-0.36 0.0442518 0 1 0 0
-0.35 0.0350781 0 1 0 0
-0.34 0.0255538 0 1 0 0
-0.33 0.0157743 0 1 0 0
-0.32 0.00583716 0 1 0 0
-0.31 -0.00415831 0 1 0 0
-0.3 -0.0141122 0 1 0 0
-0.29 -0.0239252 0 1 0 0
-0.28 -0.033499 0 1 0 0
-0.27 -0.0427382 0 1 0 0
-0.26 -0.0515503 0 1 0 0
-0.25 -0.0598474 0 1 0 0
-0.24 -0.0675464 0 1 0 0
-0.23 -0.0745706 0 1 0 0
-0.22 -0.0808497 0 1 0 0
-0.21 -0.086321 0 1 0 0
-0.2 -0.0909298 0 1 0 0
-0.19 -0.0946301 0 1 0 0
-0.18 -0.0973848 0 1 0 0
-0.17 -0.0991665 0 1 0 0
-0.16 -0.0999574 0 1 0 0
-0.15 -0.0997495 0 0 1 0
-0.14 -0.0985449 0 0 1 0
-0.13 -0.0963558 0 0 1 0
-0.12 -0.0932038 0 0 1 0
-0.11 -0.0891207 0 0 1 0
-0.0999998 -0.084147 0 0 1 0
-0.0899998 -0.0783326 0 0 1 0
-0.0799998 -0.0717355 0 0 1 0
-0.0699998 -0.0644216 0 0 1 0
-0.0599998 -0.0564641 0 0 1 0
-0.0499998 -0.0479424 0 0 1 0
-0.0399998 -0.0389417 0 0 1 0
-0.0299998 -0.0295518 0 0 1 0
-0.0199998 -0.0198668 0 0 1 0
-0.00999981 -0.00998316 0 0 1 0
1.86265e-07 1.86265e-07 0 0 1 0
0.0100002 0.00998353 0 0 1 0
0.0200002 0.0198671 0 0 1 0
0.0300002 0.0295522 0 0 1 0
0.0400002 0.038942 0 0 1 0
0.0500002 0.0479427 0 0 1 0
0.0600002 0.0564644 0 0 1 0
0.0700002 0.0644219 0 0 1 0
0.0800002 0.0717357 0 0 1 0
0.0900002 0.0783328 0 0 1 0
0.1 0.0841472 0 0 1 0
0.11 0.0891208 0 0 1 0
0.12 0.093204 0 0 1 0
0.13 0.0963559 0 0 1 0
0.14 0.098545 0 0 1 0
0.15 0.0997495 0 0 1 0
0.16 0.0999574 0 1 0 0
0.17 0.0991665 0 1 0 0
0.18 0.0973847 0 1 0 0
0.19 0.0946299 0 1 0 0
0.2 0.0909296 0 1 0 0
0.21 0.0863208 0 1 0 0
0.22 0.0808495 0 1 0 0
0.23 0.0745704 0 1 0 0
0.24 0.0675462 0 1 0 0
0.25 0.0598471 0 1 0 0
0.26 0.05155 0 1 0 0
0.27 0.0427379 0 1 0 0
0.28 0.0334987 0 1 0 0
0.29 0.0239248 0 1 0 0
0.3 0.0141119 0 1 0 0
0.31 0.00415796 0 1 0 0
0.32 -0.00583751 0 1 0 0
0.33 -0.0157747 0 1 0 0
0.34 -0.0255542 0 1 0 0
0.35 -0.0350784 0 1 0 0
0.36 -0.0442521 0 1 0 0
0.37 -0.0529837 0 1 0 0
0.38 -0.0611858 0 1 0 0
0.39 -0.0687766 0 1 0 0
0.4 -0.0756803 0 1 0 0
0.41 -0.0818277 0 1 0 0
0.42 -0.0871576 0 1 0 0
0.43 -0.0916166 0 1 0 0
0.44 -0.0951602 0 1 0 0
0.45 -0.097753 0 1 0 0
0.46 -0.0993691 0 1 0 0
0.47 -0.0999923 0 1 0 0
0.48 -0.0996165 0 0 1 0
0.49 -0.0982453 0 0 1 0
0.5 -0.0958924 0 0 1 0
0.51 -0.0925815 0 0 1 0
0.52 -0.0883455 0 0 1 0
0.53 -0.0832268 0 0 1 0
0.54 -0.0772765 0 0 1 0
0.55 -0.0705541 0 0 1 0
0.56 -0.0631267 0 0 1 0
0.57 -0.0550686 0 0 1 0
0.58 -0.0464603 0 0 1 0
0.59 -0.0373878 0 0 1 0
0.6 -0.0279417 0 0 1 0
0.61 -0.0182164 0 0 1 0
0.62 -0.0083091 0 0 1 0
0.63 0.00168122 0 0 1 0
0.64 0.0116547 0 0 1 0
0.65 0.0215118 0 0 1 0
0.66 0.0311539 0 0 1 0
0.67 0.0404848 0 0 1 0
0.68 0.0494111 0 0 1 0
0.69 0.0578438 0 0 1 0
0.7 0.0656985 0 0 1 0
0.71 0.0728967 0 0 1 0
0.72 0.0793666 0 0 1 0
0.73 0.0850435 0 0 1 0
0.74 0.0898707 0 0 1 0
0.75 0.0937999 0 0 1 0
0.76 0.0967919 0 0 1 0
0.77 0.0988168 0 0 1 0
0.78 0.0998543 0 0 1 0
0.79 0.0998942 0 1 0 0
0.8 0.0989359 0 1 0 0
0.81 0.0969891 0 1 0 0
0.82 0.0940732 0 1 0 0
0.83 0.0902173 0 1 0 0
0.84 0.08546 0 1 0 0
0.85 0.0798488 0 1 0 0
0.86 0.0734398 0 1 0 0
0.87 0.066297 0 1 0 0
0.88 0.0584918 0 1 0 0
0.89 0.0501021 0 1 0 0
0.9 0.0412119 0 1 0 0
0.91 0.0319098 0 1 0 0
0.92 0.0222889 0 1 0 0
0.93 0.0124453 0 1 0 0
0.94 0.00247739 0 1 0 0
0.95 -0.0075153 0 1 0 0
0.96 -0.0174329 0 1 0 0
0.97 -0.0271763 0 1 0 0
0.98 -0.0366482 0 1 0 0
0.99 -0.0457539 0 1 0 0
